Persona11, 1687748594.8620017, 1687748594.8620017, 1
Persona9, 1687748594.8620017, 1687748594.8620017, 1
Persona1, 1687748594.8610008, 1687748594.8610008, 1
Persona5, 1687748594.8620017, 1687748594.8620017, 1
Persona10, 1687748594.8620017, 1687748594.8620017, 1
Persona8, 1687748594.8620017, 1687748594.8620017, 1
Persona42, 1687748594.8660045, 1687748598.8649385, 1
Persona37, 1687748594.8650033, 1687748598.8649385, 1
Persona18, 1687748594.8630016, 1687748598.8649385, 1
Persona32, 1687748594.8650033, 1687748598.8649385, 1
Persona22, 1687748594.8640032, 1687748598.8649385, 1
Persona27, 1687748594.8640032, 1687748598.8649385, 1
Persona55, 1687748594.8670049, 1687748602.8665183, 1
Persona49, 1687748594.8670049, 1687748602.8665183, 1
Persona54, 1687748594.8670049, 1687748602.8665183, 1
Persona52, 1687748594.8670049, 1687748602.8665183, 1
Persona56, 1687748594.8670049, 1687748602.8665183, 1
Persona51, 1687748594.8670049, 1687748602.8665183, 1
Persona86, 1687748594.8710096, 1687748606.875914, 1
Persona79, 1687748594.8700082, 1687748606.875914, 1
Persona82, 1687748594.8710096, 1687748606.875914, 1
Persona80, 1687748594.8700082, 1687748606.875914, 1
Persona85, 1687748594.8710096, 1687748606.875914, 1
Persona61, 1687748594.8680067, 1687748606.875914, 1
Persona88, 1687748594.8710096, 1687748610.8901627, 1
Persona89, 1687748594.8710096, 1687748610.8901627, 1
Persona91, 1687748594.8720098, 1687748610.8901627, 1
Persona98, 1687748594.8730114, 1687748610.8901627, 1
Persona87, 1687748594.8710096, 1687748610.8901627, 1
Persona95, 1687748594.8720098, 1687748610.8901627, 1
Persona104, 1687748594.8730114, 1687748614.902383, 1
Persona107, 1687748594.8740113, 1687748614.902383, 1
Persona106, 1687748594.8740113, 1687748614.902383, 1
Persona99, 1687748594.8730114, 1687748614.902383, 1
Persona109, 1687748594.8740113, 1687748614.902383, 1
Persona105, 1687748594.8740113, 1687748614.902383, 1
Persona128, 1687748594.8760138, 1687748618.917402, 1
Persona125, 1687748594.8760138, 1687748618.917402, 1
Persona120, 1687748594.8750126, 1687748618.917402, 1
Persona121, 1687748594.8750126, 1687748618.917402, 1
Persona113, 1687748594.8750126, 1687748618.917402, 1
Persona114, 1687748594.8750126, 1687748618.917402, 1
Persona148, 1687748594.878016, 1687748622.9212136, 1
Persona147, 1687748594.878016, 1687748622.9212136, 1
Persona140, 1687748594.878016, 1687748622.9212136, 1
Persona130, 1687748594.8760138, 1687748622.9212136, 1
Persona139, 1687748594.8770146, 1687748622.9212136, 1
Persona134, 1687748594.8770146, 1687748622.9212136, 1
Persona20, 1687748601.876984, 1687748626.9362113, 2
Persona29, 1687748601.876984, 1687748626.9362113, 2
Persona47, 1687748601.876984, 1687748626.9362113, 2
Persona17, 1687748599.8653364, 1687748626.9362113, 2
Persona16, 1687748599.8653364, 1687748626.9362113, 2
Persona149, 1687748594.8790157, 1687748626.9362113, 1
Persona14, 1687748603.8695962, 1687748630.951257, 2
Persona31, 1687748603.8695962, 1687748630.951257, 2
Persona30, 1687748603.8695962, 1687748630.951257, 2
Persona63, 1687748601.876984, 1687748630.951257, 2
Persona72, 1687748601.876984, 1687748630.951257, 2
Persona2, 1687748601.876984, 1687748630.951257, 2
Persona111, 1687748608.883957, 1687748634.9538338, 2
Persona119, 1687748608.883957, 1687748634.9538338, 2
Persona45, 1687748604.8699422, 1687748634.9538338, 2
Persona43, 1687748604.8699422, 1687748634.9538338, 2
Persona118, 1687748608.883957, 1687748634.9538338, 2
Persona28, 1687748604.8699422, 1687748634.9538338, 2
Persona77, 1687748609.8720028, 1687748638.9658883, 2
Persona75, 1687748608.883957, 1687748638.9658883, 2
Persona81, 1687748609.8720028, 1687748638.9658883, 2
Persona94, 1687748608.883957, 1687748638.9658883, 2
Persona70, 1687748609.8720028, 1687748638.9658883, 2
Persona76, 1687748608.883957, 1687748638.9658883, 2
Persona123, 1687748614.8863695, 1687748642.9803786, 2
Persona67, 1687748612.8754315, 1687748642.9803786, 2
Persona74, 1687748609.8720028, 1687748642.9803786, 2
Persona64, 1687748612.8754315, 1687748642.9803786, 2
Persona65, 1687748612.8754315, 1687748642.9803786, 2
Persona62, 1687748612.8754315, 1687748642.9803786, 2
Persona132, 1687748621.8850813, 1687748646.9810112, 2
Persona108, 1687748621.8850813, 1687748646.9810112, 2
Persona141, 1687748615.8900964, 1687748646.9810112, 2
Persona131, 1687748621.8850813, 1687748646.9810112, 2
Persona138, 1687748615.8900964, 1687748646.9810112, 2
Persona142, 1687748621.8850813, 1687748646.9810112, 2