Persona35, 1687748594.8650033, 1687748594.8650033, 1
Persona40, 1687748594.8660045, 1687748594.8660045, 1
Persona33, 1687748594.8650033, 1687748594.8650033, 1
Persona47, 1687748594.8660045, 1687748594.8660045, 1
Persona59, 1687748594.8680067, 1687748594.8680067, 1
Persona41, 1687748594.8660045, 1687748594.8660045, 1
Persona46, 1687748594.8660045, 1687748594.8660045, 1
Persona29, 1687748594.8640032, 1687748594.8640032, 1
Persona24, 1687748594.8640032, 1687748594.8640032, 1
Persona23, 1687748594.8640032, 1687748594.8640032, 1
Persona12, 1687748594.8630016, 1687748594.8630016, 1
Persona20, 1687748594.8630016, 1687748594.8630016, 1
Persona2, 1687748594.8620017, 1687748594.8620017, 1
Persona72, 1687748594.8700082, 1687748594.8700082, 1
Persona63, 1687748594.8680067, 1687748594.8680067, 1
Persona124, 1687748594.8760138, 1687748601.876984, 1
Persona126, 1687748594.8760138, 1687748601.876984, 1
Persona118, 1687748594.8750126, 1687748601.876984, 1
Persona119, 1687748594.8750126, 1687748601.876984, 1
Persona103, 1687748594.8730114, 1687748601.876984, 1
Persona116, 1687748594.8750126, 1687748601.876984, 1
Persona111, 1687748594.8740113, 1687748601.876984, 1
Persona94, 1687748594.8720098, 1687748601.876984, 1
Persona76, 1687748594.8700082, 1687748601.876984, 1
Persona101, 1687748594.8730114, 1687748601.876984, 1
Persona96, 1687748594.8720098, 1687748601.876984, 1
Persona93, 1687748594.8720098, 1687748601.876984, 1
Persona92, 1687748594.8720098, 1687748601.876984, 1
Persona75, 1687748594.8700082, 1687748601.876984, 1
Persona100, 1687748594.8730114, 1687748601.876984, 1
Persona22, 1687748602.8665183, 1687748608.883957, 2
Persona27, 1687748602.8665183, 1687748608.883957, 2
Persona44, 1687748603.8695962, 1687748608.883957, 2
Persona38, 1687748603.8695962, 1687748608.883957, 2
Persona6, 1687748599.8653364, 1687748608.883957, 2
Persona13, 1687748599.8653364, 1687748608.883957, 2
Persona15, 1687748599.8653364, 1687748608.883957, 2
Persona9, 1687748598.8649385, 1687748608.883957, 2
Persona138, 1687748594.8770146, 1687748608.883957, 1
Persona141, 1687748594.878016, 1687748608.883957, 1
Persona10, 1687748598.8649385, 1687748608.883957, 2
Persona137, 1687748594.8770146, 1687748608.883957, 1
Persona136, 1687748594.8770146, 1687748608.883957, 1
Persona144, 1687748594.878016, 1687748608.883957, 1
Persona133, 1687748594.8770146, 1687748608.883957, 1
Persona83, 1687748614.8863695, 1687748615.8900964, 2
Persona66, 1687748612.8754315, 1687748615.8900964, 2
Persona61, 1687748610.8901627, 1687748615.8900964, 2
Persona112, 1687748614.8863695, 1687748615.8900964, 2
Persona82, 1687748610.8901627, 1687748615.8900964, 2
Persona34, 1687748604.8699422, 1687748615.8900964, 2
Persona60, 1687748612.8754315, 1687748615.8900964, 2
Persona51, 1687748606.875914, 1687748615.8900964, 2
Persona52, 1687748606.875914, 1687748615.8900964, 2
Persona79, 1687748610.8901627, 1687748615.8900964, 2
Persona39, 1687748604.8699422, 1687748615.8900964, 2
Persona50, 1687748604.8699422, 1687748615.8900964, 2
Persona36, 1687748604.8699422, 1687748615.8900964, 2
Persona68, 1687748612.8754315, 1687748615.8900964, 2
Persona78, 1687748612.8754315, 1687748615.8900964, 2
Persona102, 1687748621.8850813, 1687748622.9052107, 2
Persona115, 1687748621.8850813, 1687748622.9052107, 2
Persona127, 1687748621.8850813, 1687748622.9052107, 2
Persona143, 1687748621.8850813, 1687748622.9052107, 2
Persona146, 1687748619.8901725, 1687748622.9052107, 2
Persona135, 1687748619.8901725, 1687748622.9052107, 2
Persona99, 1687748618.917402, 1687748622.9052107, 2
Persona121, 1687748622.9212136, 1687748622.9212136, 2
Persona113, 1687748622.9212136, 1687748622.9212136, 2
Persona120, 1687748622.9212136, 1687748622.9212136, 2
Persona128, 1687748622.9212136, 1687748622.9212136, 2
Persona140, 1687748626.9362113, 1687748626.9362113, 2
Persona148, 1687748626.9362113, 1687748626.9362113, 2