Persona21, 1687748594.8640032, 1687748594.8640032, 1
Persona15, 1687748594.8630016, 1687748594.8630016, 1
Persona17, 1687748594.8630016, 1687748594.8630016, 1
Persona13, 1687748594.8630016, 1687748594.8630016, 1
Persona16, 1687748594.8630016, 1687748594.8630016, 1
Persona4, 1687748594.8620017, 1687748594.8620017, 1
Persona6, 1687748594.8620017, 1687748594.8620017, 1
Persona3, 1687748594.8620017, 1687748594.8620017, 1
Persona25, 1687748594.8640032, 1687748599.8653364, 1
Persona45, 1687748594.8660045, 1687748599.8653364, 1
Persona36, 1687748594.8650033, 1687748599.8653364, 1
Persona39, 1687748594.8660045, 1687748599.8653364, 1
Persona50, 1687748594.8670049, 1687748599.8653364, 1
Persona43, 1687748594.8660045, 1687748599.8653364, 1
Persona34, 1687748594.8650033, 1687748599.8653364, 1
Persona28, 1687748594.8640032, 1687748599.8653364, 1
Persona81, 1687748594.8710096, 1687748604.8699422, 1
Persona71, 1687748594.8690076, 1687748604.8699422, 1
Persona58, 1687748594.8680067, 1687748604.8699422, 1
Persona70, 1687748594.8690076, 1687748604.8699422, 1
Persona77, 1687748594.8700082, 1687748604.8699422, 1
Persona74, 1687748594.8700082, 1687748604.8699422, 1
Persona69, 1687748594.8690076, 1687748604.8699422, 1
Persona57, 1687748594.8680067, 1687748604.8699422, 1
Persona112, 1687748594.8740113, 1687748609.8720028, 1
Persona129, 1687748594.8760138, 1687748609.8720028, 1
Persona122, 1687748594.8760138, 1687748609.8720028, 1
Persona123, 1687748594.8760138, 1687748609.8720028, 1
Persona117, 1687748594.8750126, 1687748609.8720028, 1
Persona83, 1687748594.8710096, 1687748609.8720028, 1
Persona90, 1687748594.8720098, 1687748609.8720028, 1
Persona110, 1687748594.8740113, 1687748609.8720028, 1
Persona12, 1687748601.876984, 1687748614.8863695, 2
Persona135, 1687748594.8770146, 1687748614.8863695, 1
Persona35, 1687748601.876984, 1687748614.8863695, 2
Persona32, 1687748602.8665183, 1687748614.8863695, 2
Persona37, 1687748602.8665183, 1687748614.8863695, 2
Persona146, 1687748594.878016, 1687748614.8863695, 1
Persona11, 1687748598.8649385, 1687748614.8863695, 2
Persona40, 1687748601.876984, 1687748614.8863695, 2
Persona56, 1687748606.875914, 1687748619.8901725, 2
Persona26, 1687748603.8695962, 1687748619.8901725, 2
Persona54, 1687748606.875914, 1687748619.8901725, 2
Persona19, 1687748603.8695962, 1687748619.8901725, 2
Persona49, 1687748606.875914, 1687748619.8901725, 2
Persona7, 1687748603.8695962, 1687748619.8901725, 2
Persona48, 1687748603.8695962, 1687748619.8901725, 2
Persona53, 1687748603.8695962, 1687748619.8901725, 2
Persona84, 1687748612.8754315, 1687748624.9015768, 2
Persona133, 1687748615.8900964, 1687748624.9015768, 2
Persona73, 1687748612.8754315, 1687748624.9015768, 2
Persona144, 1687748615.8900964, 1687748624.9015768, 2
Persona101, 1687748608.883957, 1687748624.9015768, 2
Persona98, 1687748614.902383, 1687748624.9015768, 2
Persona116, 1687748608.883957, 1687748624.9015768, 2
Persona93, 1687748608.883957, 1687748624.9015768, 2
Persona130, 1687748626.9362113, 1687748629.9145274, 2
Persona139, 1687748626.9362113, 1687748629.9145274, 2
Persona97, 1687748621.8850813, 1687748629.9145274, 2
Persona145, 1687748621.8850813, 1687748629.9145274, 2
Persona104, 1687748618.917402, 1687748629.9145274, 2
Persona109, 1687748618.917402, 1687748629.9145274, 2
Persona105, 1687748618.917402, 1687748629.9145274, 2
Persona114, 1687748622.9212136, 1687748629.9145274, 2
Persona150, 1687748630.8884444, 1687748634.92256, 2
Persona134, 1687748626.9362113, 1687748634.92256, 2