Persona48, 1687748594.8670049, 1687748594.8670049, 1
Persona53, 1687748594.8670049, 1687748594.8670049, 1
Persona30, 1687748594.8640032, 1687748594.8640032, 1
Persona44, 1687748594.8660045, 1687748594.8660045, 1
Persona38, 1687748594.8650033, 1687748594.8650033, 1
Persona26, 1687748594.8640032, 1687748594.8640032, 1
Persona19, 1687748594.8630016, 1687748594.8630016, 1
Persona31, 1687748594.8650033, 1687748594.8650033, 1
Persona7, 1687748594.8620017, 1687748594.8620017, 1
Persona14, 1687748594.8630016, 1687748594.8630016, 1
Persona84, 1687748594.8710096, 1687748603.8695962, 1
Persona68, 1687748594.8690076, 1687748603.8695962, 1
Persona67, 1687748594.8690076, 1687748603.8695962, 1
Persona78, 1687748594.8700082, 1687748603.8695962, 1
Persona73, 1687748594.8700082, 1687748603.8695962, 1
Persona66, 1687748594.8690076, 1687748603.8695962, 1
Persona64, 1687748594.8680067, 1687748603.8695962, 1
Persona65, 1687748594.8690076, 1687748603.8695962, 1
Persona62, 1687748594.8680067, 1687748603.8695962, 1
Persona60, 1687748594.8680067, 1687748603.8695962, 1
Persona131, 1687748594.8770146, 1687748612.8754315, 1
Persona143, 1687748594.878016, 1687748612.8754315, 1
Persona127, 1687748594.8760138, 1687748612.8754315, 1
Persona132, 1687748594.8770146, 1687748612.8754315, 1
Persona142, 1687748594.878016, 1687748612.8754315, 1
Persona145, 1687748594.878016, 1687748612.8754315, 1
Persona115, 1687748594.8750126, 1687748612.8754315, 1
Persona108, 1687748594.8740113, 1687748612.8754315, 1
Persona102, 1687748594.8730114, 1687748612.8754315, 1
Persona97, 1687748594.8720098, 1687748612.8754315, 1
Persona41, 1687748601.876984, 1687748621.8850813, 2
Persona33, 1687748601.876984, 1687748621.8850813, 2
Persona59, 1687748601.876984, 1687748621.8850813, 2
Persona21, 1687748599.8653364, 1687748621.8850813, 2
Persona3, 1687748599.8653364, 1687748621.8850813, 2
Persona150, 1687748594.8790157, 1687748621.8850813, 1
Persona4, 1687748599.8653364, 1687748621.8850813, 2
Persona1, 1687748598.8649385, 1687748621.8850813, 2
Persona5, 1687748598.8649385, 1687748621.8850813, 2
Persona8, 1687748598.8649385, 1687748621.8850813, 2
Persona103, 1687748608.883957, 1687748630.8884444, 2
Persona18, 1687748602.8665183, 1687748630.8884444, 2
Persona124, 1687748608.883957, 1687748630.8884444, 2
Persona25, 1687748604.8699422, 1687748630.8884444, 2
Persona46, 1687748601.876984, 1687748630.8884444, 2
Persona23, 1687748601.876984, 1687748630.8884444, 2
Persona24, 1687748601.876984, 1687748630.8884444, 2
Persona42, 1687748602.8665183, 1687748630.8884444, 2
Persona126, 1687748608.883957, 1687748630.8884444, 2
Persona55, 1687748606.875914, 1687748630.8884444, 2
Persona86, 1687748610.8901627, 1687748639.8896468, 2
Persona57, 1687748609.8720028, 1687748639.8896468, 2
Persona71, 1687748609.8720028, 1687748639.8896468, 2
Persona80, 1687748610.8901627, 1687748639.8896468, 2
Persona92, 1687748608.883957, 1687748639.8896468, 2
Persona100, 1687748608.883957, 1687748639.8896468, 2
Persona58, 1687748609.8720028, 1687748639.8896468, 2
Persona85, 1687748610.8901627, 1687748639.8896468, 2
Persona69, 1687748609.8720028, 1687748639.8896468, 2
Persona96, 1687748608.883957, 1687748639.8896468, 2
Persona117, 1687748614.8863695, 1687748648.89761, 2
Persona91, 1687748614.902383, 1687748648.89761, 2
Persona95, 1687748614.902383, 1687748648.89761, 2
Persona90, 1687748614.8863695, 1687748648.89761, 2
Persona110, 1687748614.8863695, 1687748648.89761, 2
Persona122, 1687748614.8863695, 1687748648.89761, 2
Persona87, 1687748614.902383, 1687748648.89761, 2
Persona89, 1687748614.902383, 1687748648.89761, 2
Persona129, 1687748614.8863695, 1687748648.89761, 2
Persona88, 1687748614.902383, 1687748648.89761, 2
Persona149, 1687748630.951257, 1687748657.9109876, 2
Persona147, 1687748626.9362113, 1687748657.9109876, 2
Persona107, 1687748618.917402, 1687748657.9109876, 2
Persona125, 1687748622.9212136, 1687748657.9109876, 2
Persona136, 1687748615.8900964, 1687748657.9109876, 2
Persona106, 1687748618.917402, 1687748657.9109876, 2
Persona137, 1687748615.8900964, 1687748657.9109876, 2